 L = [1 0 0; 4 1 0; -3 -3 1];
 U = [-1 1 1; 0 4 1; 0 0 -2];
 A = L * U;
 b = [-10; -55; 81];
 y = L\b
 x = A\b